
0
1
2
3
2
3
6
7
8
64
10
11
12
13
14
20
2
3
18
19
6
7
22
23
24
25
26
27
28
29
30
31
30
33
34
35
23
37
38
39
40
31
35
43
44
45
44
45
25
49
46
51
3
53
276
37
56
57
58
23
60
61
62
63
8
9
66
44
10
11
70
71
28
29
74
74
76
77
70
27
12
13
82
83
14
15
86
49
88
89
90
91
72
93
94
203
96
97
186
99
44
51
102
56
23
58
106
107
74
108
321
230
88
113
114
68
116
117
49
25
57
56
122
5
113
88
126
127
11
129
46
51
132
133
107
106
136
137
2
122
140
13
142
143
127
116
25
49
148
43
66
47
148
43
154
155
156
106
158
159
106
161
162
260
164
165
107
156
411
169
29
28
83
82
74
74
176
177
43
34
180
222
28
29
83
90
77
76
514
189
27
70
154
155
39
38
114
11
158
60
107
161
57
56
204
205
63
207
208
207
328
13
212
88
214
204
60
61
218
132
44
45
140
80
148
35
226
227
228
228
86
49
117
368
9
8
177
164
46
66
14
7
405
243
244
297
246
72
259
70
11
10
122
53
71
70
2
3
27
26
18
19
77
76
300
159
27
254
226
226
117
233
6
7
94
95
22
23
164
165
280
229
3
2
208
63
165
176
288
595
117
369
426
124
132
218
97
96
102
56
60
158
302
243
516
187
86
320
31
40
205
204
161
107
4
122
22
105
136
137
24
25
73
93
26
27
288
204
180
181
442
246
227
226
62
354
28
29
195
195
30
31
83
430
344
15
346
143
363
309
172
90
143
169
207
63
111
110
80
180
63
62
31
33
127
116
53
2
127
126
66
45
372
372
320
231
61
60
419
353
31
33
106
107
207
208
54
37
101
66
152
179
116
117
2
53
49
24
161
167
137
136
3
53
154
155
94
57
156
201
143
142
122
5
309
30
416
261
143
346
245
244
163
416
344
15
89
88
13
12
91
90
107
156
261
162
83
82
38
38
44
66
93
28
237
287
95
94
292
124
63
62
129
68
243
302
34
35
117
291
189
218
114
68
68
129
114
11
11
114
88
212
302
243
136
137
44
45
62
63
343
83
204
288
49
86
71
70
237
287
13
12
188
189
83
82
242
243
176
165
176
164
205
214
158
61
15
14
508
229
49
86
22
105
132
218
99
98
61
60
520
297
132
133
116
127
102
406
39
38
12
140
158
60
45
44
142
419
304
76
2
53
143
169
37
58
177
176
90
173
88
89
30
31
19
18
82
430
264
159
344
21
34
43
208
63
566
567
21
84
243
242
168
169
344
21
208
62
81
210
69
129
335
208
105
22
2
122
88
212
33
30
40
30
204
214
94
57
88
212
96
520
136
137
94
57
13
140
62
335
15
14
83
343
22
23
348
40
28
93
173
90
63
208
73
892
516
627
30
31
226
226
330
246
106
161
39
39
19
162
29
330
58
37
89
88
177
176
423
639
301
61
66
46
90
172
10
11
560
14
430
82
102
57
137
137
639
423
248
254
309
348
51
46
110
111
62
208
140
13
110
49
289
288
233
116
133
189
129
11
307
111
627
76
57
94
66
45
58
23
148
43
38
39
163
416
478
335
302
154
177
164
83
90
589
113
11
10
83
343
189
188
229
508
164
177
53
122
77
76
164
165
6
7
22
23
107
106
2
53
127
126
111
110
154
155
101
66
148
43
132
133
34
35
107
161
136
137
80
180
158
159
66
51
156
106
289
288
40
31
56
57
97
96
161
107
38
39
13
210
62
63
11
114
43
148
207
63
54
37
205
204
302
242
96
520
33
31
207
63
226
227
181
180
40
348
272
344
226
226
159
264
63
208
228
280
77
76
29
28
93
28
89
88
13
12
9
8
29
28
25
24
244
97
38
528
142
143
155
154
875
205
142
143
204
214
179
152
243
154
60
158
601
421
69
114
133
132
140
13
40
30
212
448
18
416
143
346
195
195
19
162
71
70
215
288
310
289
176
279
107
156
162
163
28
29
43
34
86
49
226
227
246
28
242
243
137
137
639
423
82
351
627
516
516
627
15
14
162
163
143
346
191
248
53
139
129
196
71
70
351
82
154
302
43
34
15
344
106
107
126
127
35
34
137
136
44
51
208
334
69
129
187
905
133
132
76
304
210
13
520
96
107
106
34
35
132
133
81
210
161
106
227
226
177
165
145
126
188
189
566
566
84
344
62
335
625
29
158
61
204
288
70
248
27
70
35
152
233
117
15
14
132
133
102
94
304
187
143
169
4
122
33
30
136
137
81
140
81
210
69
114
297
520
207
63
142
143
34
148
140
81
589
292
30
33
601
244
34
35
58
36
520
297
169
378
155
455
96
97
23
37
187
905
38
39
61
159
63
207
114
10
31
33
56
102
245
244
70
27
19
416
31
30
22
23
261
162
279
236
520
97
72
246
136
136
94
95
18
19
8
1081
169
168
57
102
162
163
40
31
328
12
35
43
113
88
63
207
99
98
148
43
12
140
44
45
189
218
44
45
204
205
204
205
218
132
37
54
39
38
62
335
172
90
70
27
94
95
244
245
82
83
165
164
181
180
84
344
129
196
126
145
6
7
970
566
124
212
113
589
84
21
90
91
346
143
133
218
91
173
176
279
126
145
2
3
254
27
180
181
21
84
165
177
47
101
133
218
165
177
229
280
264
159
35
43
60
158
76
304
243
404
61
159
58
36
148
34
107
106
107
161
11
114
419
142
520
244
242
302
74
74
627
186
111
110
26
27
47
101
24
25
91
90
560
14
122
53
37
58
416
162
289
205
28
246
90
173
39
39
627
516
71
70
177
176
102
57
292
589
140
81
288
289
133
132
54
37
97
96
158
60
99
98
108
74
589
292
117
291
309
30
156
201
51
46
43
35
95
102
110
49
66
45
44
51
107
106
210
81
214
204
528
38
158
60
5
53
274
202
54
37
148
34
114
69
88
212
63
62
243
302
7
14
45
51
346
143
430
82
72
246
194
194
45
51
91
90
243
242
19
18
9
8
159
264
188
189
416
163
29
625
106
161
56
57
88
113
58
36
74
74
57
56
61
60
31
40
45
44
60
61
33
31
62
63
116
233
107
161
58
276
96
97
158
60
566
566
212
124
245
244
164
165
1081
64
102
202
23
22
177
165
188
189
72
246
8
1081
22
23
189
188
625
73
246
28
101
47
25
24
9
8
229
280
159
264
242
243
226
227
176
165
204
288
424
7
243
242
264
159
19
18
261
162
106
161
63
208
72
93
243
154
38
39
169
143
244
296
68
129
56
57
135
156
3
122
122
2
155
154
53
2
142
143
96
97
88
113
143
169
127
126
288
215
73
625
279
236
135
161
114
129
248
70
90
173
137
137
177
164
188
189
404
455
416
18
173
91
11
10
88
89
93
73
11
129
142
143
292
124
840
205
108
74
113
88
404
243
10
114
155
455
34
148
132
218
204
214
320
231
117
116
304
76
110
49
29
330
10
11
137
137
191
248
93
28
161
135
288
215
227
226
202
102
70
71
639
423
53
139
159
264
236
279
27
71
116
369
63
62
137
136
10
114
291
117
30
40
142
143
156
201
53
4
12
140
132
218
207
63
56
57
159
158
155
154
143
142
122
4
9
8
243
242
346
143
21
84
64
1081
188
189
245
244
566
970
94
95
28
246
261
416
245
244
369
116
14
560
70
27
62
335
31
40
304
76
292
113
288
289
372
372
127
126
111
110
143
169
5
53
110
49
23
37
30
33
116
117
88
113
46
51
96
97
49
25
33
30
187
304
289
288
218
132
57
56
136
137
117
291
116
117
627
77
49
24
110
49
214
204
218
189
37
23
97
244
627
99
226
226
14
15
23
22
43
34
567
566
176
177
89
88
163
162
34
43
346
143
162
261
28
29
88
89
180
181
344
15
214
311
37
23
218
132
136
137
187
905
158
159
76
627
187
905
152
179
106
156
302
242
53
3
76
627
944
460
158
159
23
37
137
137
26
71
416
162
66
44
77
76
6
7
172
90
11
10
90
173
43
34
99
627
162
163
27
70
233
117
188
189
14
560
520
97
8
9
248
254
233
117
205
214
625
73
248
191
301
376
162
163
66
44
309
348
164
546
71
27
215
288
372
372
191
248
292
113
23
37
102
56
421
296
291
117
244
97
122
5
169
143
205
840
311
214
33
31
189
218
208
207
38
39
309
30
243
404
58
37
227
226
416
163
35
152
101
47
27
70
19
416
35
148
176
164
49
86
244
245
228
228
176
165
233
117
31
30
15
14
80
180
320
231
102
56
49
25
24
49
5
122
13
140
106
156
137
136
117
116
244
296
186
905
419
142
56
57
208
62
10
129
114
68
88
212
243
154
133
189
455
193
168
346
53
5
5
122
88
113
205
204
74
74
233
116
148
34
627
186
135
156
143
169
173
90
25
24
455
404
236
279
162
163
520
97
106
161
91
90
34
43
280
508
344
6
97
520
107
156
176
177
164
165
13
12
205
840
159
61
113
292
155
154
158
159
66
101
23
37
61
159
143
142
421
601
129
69
57
94
187
627
81
210
133
189
38
39
248
70
126
145
122
53
164
546
29
28
63
208
168
169
82
430
114
688
7
344
70
71
309
348
74
74
26
71
83
82
57
102
44
66
344
15
83
90
168
169
195
195
93
73
83
82
44
66
162
416
404
455
61
158
1081
8
19
162
686
218
107
156
93
28
44
51
111
307
161
167
66
45
205
840
80
140
159
61
39
38
102
56
4
122
35
43
58
23
124
292
129
68
155
154
207
208
88
89
567
566
176
177
520
97
95
94
8
9
164
176
37
58
93
73
686
218
37
58
8
9
93
72
133
218
46
66
330
29
292
212
102
94
74
74
37
54
158
159
94
102
66
51
30
33
30
40
159
158
291
117
208
207
23
37
156
106
376
159
601
244
39
38
242
302
297
520
419
142
102
94
69
114
2
53
107
161
243
302
3
53
378
169
122
3
89
212
601
421
116
117
346
168
64
1081
86
49
301
376
228
508
226
226
455
404
214
205
177
164
302
154
14
15
423
639
61
301
107
156
18
416
73
625
62
335
378
169
10
114
204
214
212
88
292
589
108
74
11
129
155
455
43
35
404
243
205
840
460
944
127
126
111
110
111
307
627
77
72
93
289
310
156
107
237
287
71
27
11
10
136
136
172
343
218
133
279
176
162
261
243
242
129
196
172
90
72
246
212
124
71
26
296
601
348
40
163
162
18
416
37
105
245
244
237
287
137
137
93
73
416
162
102
57
143
346
8
9
416
19
95
94
96
97
31
40
37
54
148
43
143
142
296
244
244
520
404
243
98
99
58
276
60
158
38
39
129
11
334
208
202
94
30
309
173
91
63
208
202
102
248
254
91
90
601
296
13
12
176
177
11
10
6
7
84
344
233
117
89
88
567
566
344
6
88
89
13
140
33
30
212
89
179
152
76
627
208
62
13
210
34
35
132
133
51
66
289
288
66
101
133
460
289
288
38
39
58
36
159
376
179
152
455
155
77
627
37
54
60
158
161
167
35
43
129
10
156
106
97
96
169
143
74
74
243
154
49
24
187
304
169
168
82
83
90
172
189
188
233
117
164
546
191
248
53
139
272
344
12
13
66
46
176
164
176
164
189
188
61
301
228
508
180
80
113
88
720
218
204
205
520
244
58
23
76
627
376
159
88
113
108
74
33
31
116
127
66
47
107
106
94
57
152
179
66
46
70
71
82
83
86
49
2
3
6
7
18
19
22
23
29
330
288
215
38
38
172
343
27
26
77
76
94
95
164
165
58
276
88
212
297
520
274
202
520
96
116
233
168
346
4
53
840
310
204
214
133
132
309
30
38
528
62
63
455
193
33
31
8
1081
245
244
126
145
70
27
93
72
288
204
159
264
27
254
51
45
261
416
176
279
31
30
310
289
248
70
254
27
372
372
111
110
81
140
86
307
274
202
53
4
110
111
161
107
328
12
127
126
136
137
304
187
297
520
406
102
169
143
114
11
63
207
226
226
22
23
43
34
19
162
254
248
46
66
34
43
163
162
24
25
165
177
508
280
601
296
116
369
177
164
344
21
348
40
49
86
343
172
287
237
242
243
245
244
416
19
83
82
107
156
228
228
152
35
244
245
84
21
164
165
106
161
180
181
176
177
292
113
69
129
132
218
242
302
169
143
243
404
53
4
122
4
288
289
448
212
117
291
74
74
187
304
35
43
346
168
107
161
233
117
71
27
176
279
2
3
335
361
625
330
90
83
143
346
15
14
11
10
31
30
27
26
27
70
74
74
95
94
91
90
60
158
204
214
302
243
212
88
44
45
60
61
60
158
22
58
97
96
378
353
102
95
68
114
140
80
98
99
38
39
132
218
137
136
207
208
127
116
11
129
353
378
33
31
5
122
107
106
133
189
13
210
406
102
208
334
302
243
60
61
53
5
169
378
688
114
28
246
254
27
136
136
107
156
29
625
226
226
289
310
27
26
94
95
2
3
18
19
287
237
61
158
233
117
70
248
627
77
33
30
205
204
88
212
117
116
372
372
142
419
49
24
111
307
4
122
31
40
58
276
589
292
126
127
244
520
47
66
302
154
64
1081
6
344
169
168
218
133
9
8
566
567
296
601
29
330
202
102
520
97
162
163
7
6
117
233
208
63
71
26
227
226
76
77
58
37
21
344
566
566
35
152
589
113
164
165
35
148
416
261
416
18
169
168
212
124
330
625
7
14
13
12
31
40
86
307
205
204
905
186
94
102
944
460
233
116
137
136
304
76
127
126
111
307
111
110
133
132
840
205
96
520
105
22
27
70
136
136
51
45
18
19
560
14
627
516
114
688
173
91
35
152
172
343
261
416
77
76
116
369
254
248
7
6
218
133
276
58
310
840
136
137
189
133
60
61
98
99
98
99
99
98
161
107
43
35
2
122
154
243
218
132
99
98
58
276
61
60
116
127
204
205
460
944
212
88
94
202
520
244
154
155
61
159
49
25
186
627
288
289
30
33
5
53
156
135
137
136
23
37
70
71
122
53
99
627
416
162
248
191
61
301
369
116
226
227
202
102
84
344
176
177
37
105
139
53
508
228
164
177
335
62
208
334
346
168
81
140
320
231
40
30
208
335
122
3
291
117
44
51
116
117
111
110
372
372
143
142
159
158
167
161
30
309
246
72
86
49
205
214
71
70
29
28
13
12
63
208
226
226
194
194
330
625
82
351
348
309
168
169
7
14
173
91
30
31
168
169
163
162
162
19
296
601
589
113
7
14
83
82
180
181
18
416
161
106
39
39
90
91
29
625
45
51
57
102
279
236
36
58
63
62
43
35
45
44
3
122
127
126
107
106
111
110
122
2
137
136
95
102
243
302
169
378
107
106
33
31
4
53
214
205
351
82
26
27
24
25
180
181
279
236
90
91
686
1114
177
164
154
302
288
204
165
177
344
21
264
159
25
24
228
280
208
335
212
88
154
155
114
69
233
116
148
43
69
129
132
133
10
129
69
114
292
113
688
10
137
136
154
155
335
208
51
66
43
148
40
31
39
38
22
58
148
34
30
33
51
66
66
101
47
66
307
86
36
58
122
2
54
37
406
102
335
208
158
159
53
139
1
1
84
344
122
53
196
129
1081
64
21
344
181
180
639
423
53
139
58
37
560
14
70
71
49
86
40
348
246
330
187
627
601
421
274
202
66
45
201
156
37
54
231
320
74
108
69
129
89
212
86
307
127
126
4
53
102
406
116
117
292
589
51
45
8
1081
27
26
688
114
74
74
330
625
248
254
516
627
90
91
180
181
25
24
344
7
83
82
212
124
202
102
73
625
261
416
156
107
161
106
177
176
330
246
346
143
74
74
90
91
148
35
165
164
246
330
12
13
99
627
430
82
26
71
686
218
47
66
10
114
156
201
1114
720
53
3
136
137
353
378
12
328
307
86
291
117
51
46
35
34
302
243
34
35
60
61
107
161
226
226
43
34
24
25
508
280
64
1081
369
116
101
47
176
165
455
404
15
344
73
93
601
296
129
196
71
27
27
26
2
3
38
39
302
243
376
159
10
129
94
102
156
106
208
62
289
288
140
12
62
63
840
205
113
292
133
460
158
159
81
210
66
101
13
12
226
226
21
84
30
31
61
158
226
227
508
229
335
361
330
246
99
627
589
113
29
625
1081
8
181
180
49
86
625
330
406
102
30
33
156
135
520
244
12
140
39
38
688
10
335
208
208
334
34
35
289
288
58
23
97
244
154
243
62
208
30
40
169
168
261
162
416
163
194
194
205
289
27
26
164
546
215
288
416
19
106
161
35
152
330
625
226
226
25
24
154
302
330
29
38
528
520
96
302
243
353
378
353
378
214
204
35
43
840
205
61
159
242
302
68
129
96
97
12
328
218
189
113
88
308
33
117
116
201
156
137
136
43
148
207
63
66
45
98
99
114
68
77
627
493
1114
244
97
140
12
43
148
161
167
140
80
189
218
18
19
136
136
77
76
83
343
7
424
76
77
169
168
416
19
2
3
254
27
27
26
11
10
242
243
343
83
14
7
148
35
56
57
189
218
346
168
186
627
31
40
5
53
80
180
137
136
68
129
140
80
208
334
244
296
43
35
378
169
88
113
180
80
226
226
156
107
117
233
164
176
567
566
686
218
63
208
6
7
264
159
28
93
27
71
214
205
43
34
26
71
7
424
126
145
164
165
22
23
212
124
172
343
162
416
40
348
158
61
90
83
35
148
15
14
566
970
478
335
404
455
15
344
15
14
143
346
133
189
23
37
158
159
76
627
1114
189
296
421
57
56
117
291
13
210
38
39
66
51
61
159
627
77
143
169
142
419
3
122
7
424
63
208
58
37
82
351
625
29
31
30
335
62
343
172
76
77
72
93
227
226
348
309
156
107
29
28
416
163
38
38
140
80
63
207
62
63
114
68
53
3
37
23
40
31
124
292
840
205
31
33
124
292
95
102
136
137
97
244
328
12
95
102
24
49
66
47
12
328
207
63
205
204
111
307
132
218
117
291
49
110
114
10
102
95
98
99
54
37
44
51
38
39
34
35
22
23
28
246
164
165
589
113
159
264
19
18
91
173
47
101
6
7
129
114
94
95
83
90
18
19
136
136
31
30
70
27
3
122
161
167
320
231
117
116
45
44
243
302
1114
493
35
34
106
156
43
148
81
140
137
136
45
44
61
60
205
204
161
107
208
63
162
19
279
176
243
242
89
88
430
82
82
351
129
196
280
228
1114
686
3
2
165
176
176
177
99
627
58
37
84
344

