
0
1
1
3
4
5
6
7
8
9
10
11
12
13
14
15
16
17
18
19
20
21
22
23
24
25
26
27
28
29
30
31
1
33
3
35
36
37
38
39
40
41
42
43
44
45
46
47
48
49
50
51
52
12
54
55
37
57
58
59
60
61
62
63
14
65
66
67
68
69
63
18
72
29
6
75
76
77
78
79
80
81
82
83
84
85
86
87
88
89
90
91
89
91
94
95
96
97
19
7
89
101
102
103
72
105
11
43
33
109
25
111
112
113
114
115
116
1
118
25
120
94
122
95
124
8
126
127
69
129
88
131
132
133
46
135
136
103
9
102
140
141
142
83
54
145
146
147
90
122
124
151
152
43
13
155
156
20
158
17
160
161
141
36
164
165
166
66
168
101
170
89
172
173
147
38
30
177
43
156
180
181
182
183
184
185
186
187
43
97
94
12
15
193
194
195
196
69
39
120
65
105
202
203
204
77
155
5
59
116
58
109
212
213
23
151
183
151
6
141
50
221
222
133
224
131
213
168
203
229
38
142
52
81
16
235
236
76
50
239
57
241
37
243
111
245
17
89
248
10
115
38
101
229
81
113
9
19
124
259
50
155
51
184
49
265
79
28
60
86
29
271
161
273
274
37
4
113
186
194
280
203
88
83
284
59
286
287
127
23
8
40
48
30
49
77
132
297
298
37
300
195
302
142
304
62
86
80
308
9
187
311
161
313
4
315
243
116
161
319
170
321
55
186
60
79
112
68
3
35
297
273
46
243
334
5
336
85
76
339
55
341
184
343
184
40
140
347
33
25
243
111
133
353
354
355
86
245
5
69
360
15
362
181
47
26
229
69
368
48
152
319
66
302
374
147
304
212
204
379
27
33
382
109
5
7
37
39
341
300
390
61
235
321
9
343
339
85
49
84
180
90
160
229
16
405
45
407
286
161
172
42
118
96
80
415
416
19
298
158
420
21
81
202
158
170
8
8
360
87
68
86
23
40
19
259
168
437
82
114
89
245
151
213
3
445
87
447
448
213
450
451
347
10
182
343
62
35
415
44
79
91
379
10
20
321
47
235
9
235
8
158
447
222
474
89
89
94
124
126
193
368
21
96
147
172
142
140
488
86
490
474
304
204
184
140
156
343
113
9
11
501
10
23
87
57
12
17
508
203
147
115
4
65
5
382
516
341
177
300
311
490
141
102
271
81
204
527
183
173
530
181
158
23
534
535
284
204
368
539
8
91
347
22
6
105
7
547
41
390
112
61
55
474
36
81
437
36
286
181
75
180
62
273
95
450
535
362
7
185
155
187
126
334
11
7
112
177
360
579
22
321
58
416
105
115
67
72
43
547
539
30
54
30
407
382
450
183
112
194
4
88
602
89
447
354
222
362
212
298
76
57
172
182
374
259
31
9
54
390
236
59
355
336
55
304
166
109
14
602
118
86
113
90
135
91
474
194
89
508
85
87
1
25
183
194
602
86
39
7
158
19
96
44
21
166
69
274
239
57
91
40
17
166
274
319
60
164
177
95
80
451
445
44
25
675
173
122
181
273
224
97
682
96
368
52
193
131
48
319
85
339
31
184
16
13
66
165
135
133
273
122
86
194
374
105
15
202
202
16
360
239
172
180
146
271
133
170
534
91
63
141
62
527
474
447
12
87
271
204
437
286
12
14
44
46
259
334
44
12
81
101
222
50
347
156
390
81
132
298
49
79
61
248
60
135
80
445
24
3
602
516
66
313
334
135
259
767
80
82
112
114
54
407
55
166
390
341
81
420
51
355
319
84
313
203
530
63
4
67
501
114
147
156
437
274
24
62
116
336
245
168
280
437
52
805
12
675
347
127
156
300
63
488
202
12
66
374
55
184
315
72
126
115
141
160
88
69
25
445
1
85
248
341
38
835
172
347
140
835
96
675
336
33
286
38
68
90
805
16
850
13
126
94
115
203
490
102
474
81
9
11
41
43
313
516
286
204
38
10
141
151
488
12
355
84
195
142
86
271
65
31
152
184
315
420
72
61
488
19
86
274
302
72
450
105
89
44
41
96
355
186
51
7
321
75
20
193
105
81
28
80
156
39
42
122
321
508
918
229
131
437
265
287
508
362
20
579
170
166
300
21
84
5
319
547
235
527
47
15
115
83
942
82
195
82
184
63
308
141
103
136
65
29
319
165
280
265
26
3
36
4
168
918
114
286
61
379
49
68
241
129
28
382
78
116
239
85
59
339
13
321
12
420
141
147
63
90
368
16
850
805
362
353
221
447
7
160
194
213
535
122
76
224
280
129
360
3
13
84
284
49
15
508
14
450
527
374
62
1019
97
13
850
850
55
12
23
21
362
450
535
23
368
96
213
451
353
447
4
918
23
180
420
75
82
145
195
181
26
58
47
145
682
76
94
236
835
94
10
313
287
105
362
36
243
118
212
60
165
354
67
54
37
273
80
62
63
203
184
374
69
120
229
142
16
239
101
50
196
62
58
304
177
298
30
245
59
405
236
271
224
129
448
280
65
319
131
265
89
151
286
172
355
236
539
43
25
33
78
76
177
80
273
86
156
158
43
94
336
96
355
488
297
3
362
360
14
297
17
49
44
530
193
180
354
535
213
42
675
850
14
224
59
165
78
133
490
415
1158
82
133
165
300
313
14
96
95
516
58
79
547
28
9
302
102
390
112
382
194
97
24
12
60
420
196
313
60
300
1188
516
142
145
57
78
166
46
224
45
42
4
297
49
319
265
136
142
103
1207
450
28
183
75
109
13
79
321
173
141
151
102
20
224
193
152
184
77
343
91
37
23
527
151
539
187
54
1207
315
82
341
451
82
39
315
10
360
59
47
407
183
311
1250
490
321
120
75
43
55
37
341
135
243
212
368
213
75
1188
942
126
29
405
135
14
451
135
341
127
287
165
203
61
25
805
132
47
535
49
180
20
1158
490
142
1188
360
76
59
579
96
405
41
114
243
382
304
5
942
133
88
222
111
212
243
77
27
805
319
202
579
33
193
850
182
1250
173
183
47
682
407
21
44
193
89
286
46
65
516
4
82
221
18
50
25
164
33
49
131
166
88
41
448
259
38
124
407
805
284
850
362
145
222
235
25
57
805
131
407
59
61
165
259
229
530
54
490
1188
1250
183
129
109
69
30
437
19
115
9
501
16
204
368
354
54
447
918
132
534
47
90
65
78
113
133
1019
280
273
58
1250
315
341
302
50
48
18
16
62
75
530
183
147
142
347
182
7
194
114
61
184
42
185
140
212
161
767
313
284
7
20
160
172
122
182
602
221
265
82
405
24
28
21
450
115
146
302
183
11
146
72
72
186
4
187
308
501
4
126
315
15
194
224
213
374
15
259
44
65
407
29
942
67
7
11
185
47
203
52
229
86
35
245
129
265
3
362
579
445
447
96
415
390
9
72
115
43
105
75
29
319
164
165
133
43
155
185
187
90
38
271
142
5
243
69
26
193
35
181
273
132
221
682
259
451
19
29
437
120
374
321
379
25
132
27
319
103
18
1158
259
341
315
135
29
91
204
46
368
114
450
145
95
141
248
308
315
15
850
360
27
274
81
26
52
118
177
129
161
136
235
126
767
55
334
37
28
40
501
682
16
287
362
362
535
136
126
103
1158
181
193
362
265
298
235
111
16
127
9
182
308
181
374
180
448
9
170
31
79
15
122
297
535
918
103
213
1207
516
96
4
45
126
8
168
158
229
54
280
58
341
311
1188
187
183
146
182
142
390
66
54
58
850
224
33
76
88
136
448
142
46
675
65
805
835
8
213
767
83
390
437
66
19
96
66
14
76
212
360
112
168
82
16
45
308
103
321
918
61
29
501
271
142
173
83
147
407
114
382
547
196
59
132
339
343
516
347
95
579
161
59
547
298
196
111
129
11
1207
379
213
112
60
5
86
140
172
141
38
54
146
30
43
69
239
48
85
22
204
39
527
28
280
80
416
76
1019
339
265
374
58
152
109
129
3
382
116
204
140
91
10
187
185
539
204
59
57
27
25
180
271
156
81
105
203
81
235
336
62
85
445
287
59
319
116
111
241
118
3
368
160
46
313
1207
140
54
22
405
131
805
805
103
101
18
69
259
182
416
321
40
259
90
229
82
63
39
122
7
22
51
535
40
300
77
177
508
141
286
6
347
66
140
120
1158
271
259
1019
682
95
111
79
300
530
942
54
315
6
10
172
186
321
355
353
835
341
204
516
122
151
181
183
40
166
184
13
135
39
46
284
379
184
165
51
131
90
45
63
89
68
602
273
535
76
49
241
488
490
62
415
11
126
347
8
62
60
30
28
133
534
132
49
204
155
236
50
437
147
88
141
88
280
4
161
180
1019
20
26
94
1158
196
82
31
168
95
158
416
212
69
1019
49
20
33
850
182
321
95
79
1207
187
126
1188
116
3
3
241
43
67
97
407
109
243
241
116
448
362
75
353
212
40
298
767
164
21
25
675
195
13
177
109
151
311
127
341
382
24
26
111
94
313
12
21
177
161
132
319
259
221
415
447
76
534
57
133
280
112
265
164
248
126
450
334
39
224
942
131
133
767
353
516
16
168
111
298
300
133
166
57
62
30
416
69
490
1250
1250
341
26
382
3
116
72
11
114
7
835
213
126
168
354
213
355
539
235
124
298
158
156
534
152
76
35
109
26
129
311
390
183
248
65
152
805
850
368
152
336
76
181
173
602
183
166
164
46
132
508
68
15
35
353
602
78
14
155
101
195
168
297
84
132
445
46
682
675
675
160
156
51
534
195
182
474
1250
57
339
78
339
450
112
14
118
84
86
116
118
41
89
300
170
37
5
298
416
245
48
111
241
113
302
274
66
155
527
18
235
474
415
55
530
113
229
133
221
767
135
46
14
297
37
265
28
127
300
341
420
89
222
17
57
90
147
1019
374
13
15
45
47
81
527
36
181
65
52
78
87
379
29
284
405
354
55
221
334
151
530
311
488
145
114
362
287
420
23
80
37
248
450
72
114
67
11
43
185
155
1207
5
501
1188
334
186
5
448
42
508
122
530
415
181
527
235
501
222
236
1250
151
415
527
127
95
302
145
407
501
97
186
204
835
77
40
516
46
304
243
180
156
22
39
183
1250
173
151
78
353
116
84
311
539
41
30
1158
146
124
147
274
1019
37
77
122
602
15
44
40
767
534
133
271
405
488
96
79
170
58
66
28
75
382
97
146
43
114
547
918
54
235
145
161
280
273
68
535
353
297
445
41
516
222
353
146
114
311
41
28
942
547
67
315
248
1158
126
181
145
374
203
112
164
382
116
407
942
164
133
445
416
297
58
379
152
61
202
83
136
88
18
18
155
45
13
420
450
474
334
180
22
448
508
194
354
97
336
45
88
445
222
353
321
535
22
286
193
114
405
203
235
280
416
120
43
224
152
35
68
118
112
120
236
39
534
539
186
368
97
222
287
445
265
284
20
15
224
448
75
259
415
448
224
362
297
297
15
33
850
109
79
24
60
69
48
196
132
204
501
284
407
88
437
45
131
405
193
202
152
38
6
124
102
75
97
353
84
339
360
1
27
420
61
94
203
302
147
341
343
675
44
25
87
36
161
131
129
48
27
84
33
101
136
229
83
6
1188
105
334
379
170
152
166
353
165
236
287
315
83
1250
102
21
530
164
354
145
177
405
118
30
382
304
109
81
83
113
115
7
186
547
5
61
300
202
21
1158
474
146
194
97
539
13
186
127
248
23
36
539
160
304
161
115
248
6
183
66
602
437
271
300
302
60
29
63
202
51
319
124
89
147
508
850
368
850
97
8
10
40
42
311
141
55
36
146
390
185
311
390
1250
83
1158
313
248
196
942
45
805
239
27
448
374
142
146
245
298
94
158
67
407
313
21
42
140
4
308
84
236
13
120
539
304
311
55
173
173
173
172
195
155
300
41
88
120
136
1207
918
235
1158
124
113
47
767
682
224
120
45
18
49
534
284
39
30
109
41
166
172
38
173
147
142
1207
302
390
241
48
57
222
222
48
527
368
136
83
83
115
36
42
437
448
47
52
90
271
39
942
835
126
94
682
101
16
26
274
111
298
243
368
37
527
287
319
374
152
18
82
88
942
181
122
286
508
132
48
534
236
527
75
311
1188
835
40
1207
501
382
547
24
196
805
675
407
166
30
77
155
184
135
248
527
141
243
241
109
116
202
24
203
196
339
297
579
273
474
918
334
229
534
222
535
236
850
675
284
17
31
91
308
343
334
315
155
308
116
1
241
1
65
382
105
547
1
3
33
35
420
321
450
508
158
235
23
501
241
1
129
27
547
67
67
72
136
124
1207
151
186
488
194
451
170
168
9
136
682
224
158
39
27
382
33
243
302
450
9
41
49
339
68
360
28
105
942
115
88
90
120
122
4
602
113
135
79
245
31
101
17
131
170
942
239
5
336
304
390
451
102
415
245
280
80
112
127
8
9
124
24
80
12
474
17
111
23
212
353
579
222
360
918
102
168
124
287
221
286
195
682
17
767
158
48
265
445
164
182
124
308
136
60
451
420
1250
284
243
22
77
516
177
41
112
4
6
36
38
59
239
284
13
47
20
113
156
185
186
835
55
195
1188
194
311
22
145
347
302
336
579
97
20
38
173
83
141
131
52
166
44
212
379
40
347
19
274
102
81
343
321
8
170
193
75
15
527
91
95
8
127
354
362
194
508
835
151
1158
102
88
918
41
415
298
170
767
127
416
26
918
52
182
127
1188
341
58
196
273
177
109
241
177
132
212
767
501
126
84
304
164
212
248
36
10
42
41
155
390
1207
445
84
416
5
602
135
488
451
280
68
1019
77
13
239
195
221
416
235
18
136
236
204
165
379
115
437
38
448
112
5
61
501
297
319
58
547
274
113
1019
90
527
222
374
287
48
84
30
304
84
164
236
165
35
129
243
26
767
516
213
539
145
58
142
120
27
850
265
193
37
135
77
91
62
445
1019
265
49
164
77
212
13
166
120
66
24
109
118
35
8
343
835
185
516
304
1188
186
1
33
339
579
835
347
151
10
68
79
69
245
274
57
319
339
145
147
177
156
87
245
336
30
185
539
11
31
6
308
286
160
274
547
118
382
1158
182
102
343
63
31
18
101
60
78
164
339
405
437
118
274
57
298
579
177
7
97
67
65
141
136
508
229
437
114
405
407
336
51
78
165
416
239
80
87
145
36
47
202
101
160
52
20
65
202
52
16
172
146
347
390
286
284
161
243
116
24
1
25
304
184
79
379
280
360
28
78
58
37
26
24
155
7
368
284
78
360
87
239
140
185
835
311
172
22
42
77
241
26
1
27
235
767
18
259
105
36
450
23
158
124
298
168
273
35
579
3
18
416
501
212
405
145
131
36
835
1207
94
101
354
221
297
265
527
135
155
334
72
248
302
127
19
102
416
918
297
33
339
1
101
69
271
1019
805
47
805
202
10
140
313
160
451
82
14
405
682
675
152
850
120
1207
374
146
1158
1250
271
602
185
343
539
516
302
115
347
147
127
151
126
1207
675
14
25
78
83
437
229
280
95
14
42
224
321
308
379
11
259
530
1019
273
11
347
31
95
145
203
22
508
8
124
124
136
44
602
445
353
136
168
101
245
118
129
25
27
835
10
55
23
152
156
166
300
682
132
96
445
221
239
132
241
354
530
87
44
547
196
274
298
530
488
300
420
116
241
1
1
185
11
186
501
379
347
170
127
224
297
97
84
259
416
682
111
535
180
579
193
382
129
118
111
54
539
942
75
160
51
368
336
918
1158
245
94
185
146
6
115
118
24
243
35
72
146
61
194
111
24
241
3
535
42
236
43
8
767
8
158
313
165
46
78
45
82
129
196
1188
183
315
302
60
28
212
1019
315
1158
420
474
245
80
48
445
534
40
222
41
158
682
170
17
38
248
286
313
55
170
354
133
91
17
31
16
90
124
180
182
152
42
109
77
1250
602
530
273
1188
185
343
140
420
488
75
539
90
942
68
196
334
91
221
534
343
19
308
18
229
136
160
308
374
172
58
22
102
89
63
68
195
184
156
42
23
19
180
160
245
918
129
45
173
448
508
280
18
501
101
271
51
221
535
534
77
5
76
239
170
91
298
79
83
203
315
313
274
156
69
160
86
474
35
44
122
224
68
129
63
61
31
29
7
334
22
91
79
304
78
336
127
10
767
379
102
63
1250
530
57
534
239
51
88
448
918
213
14
17
65
131
177
195
95
182
21
24
530
62
186
304
120
58
942
248
29
302
120
18
140
308
339
339
164
132
41
450
415
451
66
170
67
942
80
474
451
1250
164
116
354
336
488
62
94
196
407
61
65
113
66
19
347
343
78
59
60
196
379
284
767
46
527
311
39
835
236
353
94
420
488
602
1188
182
379
374
29
105
248
390
341
1250
118
60
96
451
334
28
315
29
10
39
127
135
204
185
22
140
76
579
682
21
63
122
6
172
284
15
405
202
38
83
835
1158
80
420
415
1250
155
30
308
31
530
313
55
66
274
161
86
304
202
360
81
222
196
39
203
38
51
31
221
168
1207
101
140
160
287
51
105
31
35
24
1019
28
415
516
474
602
19
160
488
539
21
579
420
353
24
37
202
36
535
95
534
158
54
52
22
20
362
221
36
168
193
21
448
450
87
354
579
535
451
354
19
51
682
152
95
42
87
579
245
161
20
17
97
12
95
451
122
194
273
35
181
15
33
675
84
12
245
213
161
42
29
165
437
287
111
109
79
77
336
59
30
547
579
57
336
87
94
488
120
186
122
68
173
508
27
805
48
52
114
67
115
72
194
113
311
9
105
202
334
12
193
195
131
168
35
1019
193
448
354
297
451
14
308
1207
6
11
6
185
315
1188
112
547
113
67
195
156
1188
343
6
63
1188
488
368
155
52
101
273
180
181
173
51
49
19
17
160
213
286
379
172
140
10
343
241
239
111
416
448
1019
173
180
1207
146
308
11
354
51
165
287
152
13
184
186
274
60
66
135
334
46
229
47
68
286
86
195
3
87
118
80
280
26
508
20
11
72
6
72
54
31
67
105
65
97
31
539
113
61
302
248
474
44
918
45
360
287
87
221
675
805
96
45
530
180
151
172
675
21
850
20
405
265
16
48
339
1
265
27
239
45
51
63
113
767
67
313
195
474
181
602
33
27
336
239
488
271
311
146
17
23
284
22
407
164
45
445
76
241
1019
26
57
131
534
90
112
212
547
161
82
415
145
516
52
87
229
221
48
236
52
271
102
83
343
147
77
68
177
196
29
451
72
390
26
35
416
62
165
67
353
4
40
682
91
46
47
360
203
287
27
59
805
405
1158
142
182
173
40
90
300
942
75
415
6
102
52
44
918
415
287
114
236
501
166
675
17
675

